-1,000001001011XX1XX100X0001011X0001101
54977,194579
29691,71157948
27205,122030256
43160,91267
45028,254793847
27137,1696
-1,1000011X10X10X1X1100101X00X011010001
20727,25071621
37927,626522009
4815,119068316
-1,00X001000000110X0X00110X10X10XXX0100
10400,6188570
27399,117579
16713,1592
-1,000101001X00110101101X001X001010X1X1
62042,11879
6190,317
2353,4338928
31175,586869909
26763,115919
58433,948899805
-1,0XX00X00110X11100111100X1X11X01X0010
27399,41077
45109,801841
23004,101713
2083,27746
-1,000X1100X00111X011X000010100X01XX001
51416,38881
52268,11555
9105,1895
-1,0000X00010XX011111000X0011X001011100
41414,279255497
41936,13975
12019,178049790
37328,837
34264,28896171
10161,2338
-1,00X00X00X100011XX1X0X010010000100010
52076,890751
11042,3792
-1,0XX0010000000101000X1000XX1011100110
18656,829925824
39076,509523
38827,6246
30529,27164257
38415,627755
-1,X00001X11110111XX11000X11XX00X001001
25305,625
43178,152
35066,21090
8985,300087
48903,43704
-1,0001010010X01X1101XX10X110011X00010X
32378,2225
26042,69485948
49589,128819
9137,1482
1877,964153
7605,15865195
-1,000001X010X111100X001000100000X11100
14311,34388663
55974,20365
40457,13694402
17283,6362
-1,000001011XX0X111X0011100000000001010
6190,160501619
63533,170553877
4200,568690145
50785,2950313
22906,99588
33127,12019
15513,2884368
-1,100101X01X001101X1X0100000X00001110X
12489,27222771
49637,3293
42893,3050930
-1,0000X110X01111100000X010000X10001011
61719,182970
10774,3146
-1,X000X00X1011011111000010X0X0101X1X0X
8693,29356
5498,3763
6468,4375
48837,741177
17108,39010
37452,6800613
-1,0100110X110X111001XX001X0010X11XX011
60650,9977
9137,3521
41035,5961
31775,15148399
59554,467182665
22790,25254
31588,126738299
-1,0XX001X01010X101X010010XX111X1001X01
61947,40390065
49445,304844
8929,102044152
33132,4864185
-1,01X001001101XX1001X100X11X0000010100
23919,261251
43749,3455
-1,00X00X001000XX1X0100X1001001001XX100
42199,436
61293,243299307
4,126598
6567,3430
47441,252938862
12399,74446
56225,15423
-1,0000X00X10X10110110000X110X0XX001X00
15993,101940097
38374,3770
54215,91086147
41414,1939
12528,2251037
-1,000001X010111110XXXX00X010101X0X1111
24941,144
10771,133581619
56280,54
-1,00000XXX1011X1100100001010X00111111X
46131,166
27421,297794521
58919,963
27836,404
18894,2052778
2181,559420
-1,00010100XX0011X101X00XX00001100X0101
61468,232744
22786,225590
34992,1686
46982,301
25985,136773808
9237,8105
-1,0001X1001000110XXXXXX00X00000110X101
41414,783022
4425,2493963
3855,70168785
5364,65108
49761,119528303
4044,47817
-1,X0000000101X011XX100001X00001X111XXX
41155,18801
18910,176109
10369,13090894
45605,4100336
46751,2228
-1,000001X111000100X1000011010011X0000X
22385,2137243
34992,13385188
17612,11274427
-1,00X0010010000011X10X0X00100000100111
13014,17899233
26405,187154132
6562,50815
22561,6259252
64082,5392
-1,00000100X000XXX10X0010X010X0X0100100
55018,20219327
37443,21057605
35073,30620676
47330,445
24868,1379
-1,000101000000110101X0X0X01110011X0000
28383,2533101
30051,64
58425,20047
59003,241
28034,1212
36860,29935270
31948,162180484
-1,X00101XX10X0X10100100X0000X010000111
58919,5
4393,1929987
15637,98094246
24486,91105079
33928,5323
15009,2237
-1,0X00X1001001X1100100XX1X10000XX00101
28249,587029
31407,65875404
288,2867
-1,0000010X1100X11X011XXX00000X0X100001
43559,464644356
10885,68416
39739,371285
-1,0000110010X11110010000X1X0010X000100
47227,165771882
48356,1737
63598,2483374
2316,34095112
55289,74755
41105,261242
14118,11265010
-1,0000X10010011110X100000XX00X0XX011X0
2169,6081363
6190,2945060
52821,198612172
59003,11598655
52361,4707187
56280,196
10885,286349
-1,X00101X010X011X10X1000X1XX0010X10100
33153,3094197
43769,378106
6419,1963
57515,2939
7665,178455
53942,61817
2169,268870
-1,0X00010010X111100X0000000001X0100111
42106,12354614
2361,1153440
41105,455
59601,18520827
-1,0100010X11010XX001X10X0111010X1011X0
6429,4758709
17816,31081595
61038,1538011
-1,00X0XX001001111X0100X0X11000X000101X
23434,9452012
2316,26173974
13540,974635
6886,370144
4507,106249
30978,2773340
-1,100011001101X1X0010X10010011X0X0X100
18680,367
52656,37743
-1,0001011XX0101X1X0110X111011XX000001X
37014,1381807
65197,11932464
37789,802
29691,129226332
31407,145121
-1,0100X10X11X011100100011100X0XX11101X
55826,7929
53828,245259
-1,00X001001100X111X1XX00001X11X0100X1X
43424,52459
60346,100025
42472,1922567
-1,000001X010X1X1100100X0101X1XXXX11101
42536,467259249
2998,208484
58340,221525908
2083,50801173
-1,1X00XX0X10010110010111010110X0X10000
16052,25329580
40234,25679682
8096,2721108
-1,000X0X00X1001X0101000100100110100001
7217,629693595
11248,19909152
33029,409771
64325,44760
22786,334
-1,X00X01X110X00111X010100110100101101X
35427,146692
10885,24787653
8704,130590204
-1,0XX10100X000111101X01000000100X0X1X0
41650,104786
11186,4092
8615,2326
21984,119400806
37273,134
-1,0X01XX0001001X0X01001XX110X111101111
63598,3600
13006,48108985
2860,1278
46726,79405271
-1,0X0001XX11000XX001X0010XXX1010000100
4497,496767
27421,128467442
24801,10348797
-1,00X0X100110X1101011000011100X0011X1X
14376,2068153
28383,359910735
13969,30791824
62629,402435532
-1,000001XX100111101X01X10001010X101111
25690,50457545
1233,1291762
56844,397675015
38951,7383400
59586,12871618
24941,21686632
-1,0X0X010111001X11110X1XX1X110X010X000
41060,124962
54368,2911
20727,32214
46326,129851509
-1,00000101110001X001000X1100XX10X01100
30374,3455
64325,15309
25497,3309
40364,1830
63039,74775
25932,165291
-1,00X001XX10X111101100001000X0X01X11X1
52101,756809
5226,7
14307,234925
6395,109496000
10792,92833
46226,163865
-1,000X0X001011X1X0X1XX1010000X10011X00
52912,1339
29296,63918134
34563,343625
13008,9303286
1765,89091827
53413,14712
-1,010011001X011XX0X10X011X00101110X001
8985,82037
6567,466193
33293,935929
51318,231696746
55982,483157
-1,1001010010X11X11010X0000X001X0100100
47030,261036783
12812,6644
50536,18755307
41381,505
54593,20452
23092,75890388
-1,X00X010010011X1X01001010000101101001
58866,36665
363,226991
15405,49937373
57454,871817
-1,01000110XX000X100XX000X001101X100100
20727,193101
36339,232513
18661,10662857
-1,010X11001X011X100111101X0X1XX1101011
9904,3046164
37443,256455
1041,150
8865,1636
34246,173885598
64959,88455264
49483,64891
-1,X0000000101X0111X100100000X011X11X00
28531,11915
59199,131
1459,524071622
36860,9055
1174,48263
9545,7743
45185,20010
-1,000X010X1X0XXX0X0110000000X001X00000
62370,224058421
38859,409631
59400,174
36789,484044369
3458,63678
59303,216159
-1,XX0101X01X00110101010001101000101101
5478,475223
47030,575987
56315,496590
-1,0010010X00001X010100111X10X101X00011
33813,29876402
1939,6791
54296,1415980
49761,4161201
3087,3082805
44185,1458126
33380,1574138
-1,0001010X10101X01011000X111X1100X0100
39169,6924
44518,550
62900,54431
11277,64
27209,29226137
47090,2232874
-1,010XX1X010001111010XX11001X0X0110X01
65127,22950
43419,107162216
5283,1501
32728,984590
-1,XX00X1001XX10X1001010001010100100XX0
2361,1635
34560,197
52912,173403443
29240,5911444
-1,0001110X1000X100X00001000010X1101101
16416,20663923
39739,317
61038,275054
-1,000X011010101101X0100001X0X00X10XX0X
10489,23700
22453,2301
56957,362048754
53036,80024427
26144,125087
57227,144191
23435,724551
-1,X00X01001X0X11010110X010000010100111
37068,1442
60589,81139773
31775,220923
30500,4862
11915,62908671
-1,0001010XX1001101XX0000010X0100001101
40457,120318
54520,1342
33156,220484401
60135,1408362
7395,75576
-1,000X01X01100111101X00X00100110000X11
9237,829933
9851,14818
58919,32111
14595,1623804
61075,62727
-1,XX0001XX1X0111101101X0X110101X0X0110
43769,2774
42615,811
21176,105435272
-1,000001011XX0X111XXXX10000000X110100X
17931,510002
54880,3002
56280,57973141
6675,82200
770,574
13978,8578
20408,1000405042
-1,000X0110X0101X011X100111X100000X0X01
36150,11494126
63140,36830
30752,3099
46348,834895
9747,5886304
63762,513447
-1,X001010XX00X110101100X00100100010X01
13477,2699
23838,31014
44430,2874805
35244,224489846
35854,116779
52912,146386
13340,166011
-1,0X0001000X001110X1101010X10001001X01
1964,754299614
47212,24758
16310,219448
28451,196161
-1,000001011000011X0000000X01XX0100XXX1
5082,113278507
42611,453335034
61959,148558273
50345,11235
30489,9511
47848,63623
-1,X001110X10X01X0110X0X0XX101010101101
5883,689
15916,2875
1517,501286
-1,1X00010XXX01111001000X101001X0100100
54668,23172
16960,2017
2107,90696075
52539,2140275
32037,21705534
34853,1308
-1,0XX011001X0X100001X001X010100100XXX1
21170,211531689
8685,125900148
65403,1016
10635,1290678
25179,14286
16052,284451
-1,00000100XX00111X01XX10000000X11001X0
39191,366121
15405,3693416
8683,767619495
-1,0X010100101111001101000000X00XX00000
28999,1322760
26472,216672
32402,476392921
42717,3985941
38951,12294
-1,001X01101001X11011XX11X00X1000000100
46301,1320
23356,2331
20456,2746177
11049,3540
15652,14656035
-1,010001111X0000X0X1X0X111010011XX0000
54387,658
34337,940
30373,48529
4077,750
1340,64485
24868,401953136
-1,0000X0001011X11111001XX0110101000X00
21980,50716859
7078,15673
9550,474469863
-1,00000X0010X11X10110000X10X1001XX1111
37443,65084120
56057,51324
23081,365062378
10369,80230
25662,995
12226,8728723
-1,00X00X001X001111XX00111X0000X0100100
24337,67654
7422,219732
34006,90813
28012,20086018
11044,4202238
-1,0000X1X01001XX10010X0010X1100001100X
63006,2909
23861,109538
-1,0X0001001001X1100X0000XX00001X0XXX01
14316,41795149
42662,783
2588,556226
36063,21261
47357,7489764
48826,159937
-1,0101X100X000111101X01001000XX0010X01
41730,38337
37021,704
7973,110815
58423,1191
-1,X001010XX000110101101010100000X00X0X
33929,127639490
28249,558365819
24652,84719
30439,227
9407,54748681
-1,X00101X010X0110XX110X1001000011X1100
41037,2668741
42937,14638
9732,465258
45018,78913023
17076,206317731
8317,709616657
-1,0X0001X0100110100X010X1X11110001XX00
57629,156141947
23356,29013450
-1,X00001X01X01X110110X11000X001X11X11X
23284,929
23092,986875
46089,2071258
57227,191024
49637,1585
-1,00X00110110101101X011X000000100001X0
2998,1243
28002,95174193
61488,8150
-1,0000011X110000000X000100X01X10010101
38827,1109
15337,24669
6661,897
-1,X00X0100100X111X01001X10X001X00X0100
363,58081970
35105,31435010
52446,4898641
-1,X000011X1001X1X00100110010X110000X0X
41625,54710327
6567,354249
23694,8860
